1110

-11111110010 10100111 1011101 1111111
Septembri, XIV, 119.

1111101111 1010017 vid. etruscern.

1110 miserim, 159.

Hecabe, vn, 61. 7. L.

1111110 11101770 juvenis 71111101,
1, 45.

11111001 71110011 pellenti· 1011011111
metitus 101101, 111, 175. - veteris
rim contexit ,111‚ 195. -111110 80-
7101110 grande 0111010 bacchamur,
VI, 636. -· 101900 melinis 7111101,
11, 113. - 1111101 10110011 Iuve-
1111111111.

nibem tegetie Institor, VII, 111.
- hibernum 111 1010110 descendet,
VI, 511.

1111, 1, 4, 46, 47, 113, 161711,
1167111, 69, 70, 166,116,117,
119, 110, 145, 1467 Π, 597 11, 331,
191, 610, etc. 71111, 47, 51, 136,
116711, 60, 6671, 146,197,117,
111711,15,151,15971111,9,91,
1057111,61, 171,171,186,110.7
- 11110, 1, 51, 51, 1697 11, 41,
1167111, 91, 164,199, 3107 11,
51,196,113,114,111.7111,1417
VIII, 70, 111711, 39, 93, 1117 Χ,
19,91,111.;111,1ι,7717171111,
¹, 93, 977111171, 16, 114, 150,111.7
111, 34, 44, 55, 1117 XV, 3, 10,
51,111.7111,13. -1101,1, 197
11,81,143711,15,15471,6,76,
157711, 110, 111, 151, 169, 190,
113, 1117111, 137 11, 17, 7671,
161,169,197711,101,10671111,
38, 73,1187 XIV, 56,106,1097
XV, 16, 69, 1417111 , 56,-11οῘ01,
VI, 179, 499, 5957 111, 11571111,
15, 16671, 99, 1187 111, 147,
190711, 97. - hujusce, XIV, 36.
-1011,1,11671,164. -hunc,
1,337111,16371,14, 136711,
157,156, 3637111, 5671111, 197
1,69,1717 1111,1757 111, 73,
ι11711, 17, 657 111, 56.-11100,
Ῑ, 111711, 67, 767 11, 451, 4997

1111 ¹523

11, 11571967111, 1197111, 94,
140, 143.- hec, 11,10, 1137111,
²2 Π, 671, 76,168711, 1317
111, 19711, 66, 116. - 111,11,
457 111, 3471111, 15471, 66711,
467 1111, 113. - 1111, 11, 1597
1111,113. - 1101011171, 136711,
5,167111, 61,11171,71711,11,
111, 109, 1147111, 169,-1111,
II, 16, 1477111, 3157Π, 93, 1507
V, 173711, 75, 336, 394, 466, 6067
VIII, 367 11, 100, 116,131,1467
117114, 13471111, 1037111, 116,
113711,130.-1101,7, 69711,
167, 6067111, 1667 1111, 117 11,
11671111,11, 147, 191711,110.
- 1111,1, 167711, 86, 1697
1111, 106.

1110 (cavere), 1, 150711, 90, 110,
111,1677111,11,11,155,180,116,
131711, 347 11, 160, 309, 494,
5317111, 1617111, 69, 101711,
7177·

11110117 vid. 1171011.

111111110611011101111, 11, 41. —
hilme 0111111901 vocentur, XI, 176.
-11111, 111, 65. - 0011111 01101
1101 regibus, 1111, 51.

11100 etque inde 7111111, 1, 65 . -—
111111 pulpita 7001, et 10111 91111101
finge, vm, 1957111, 11, 45. -
cf.1,119,144;11‚ 1,156711,195,
196,4637111,11371111, 10471,
44,178711, 117, 116 7 XIV, 79, 617
11, 51,84.

11107 hiat tentum, 110 701101 111-
10011011,1, 131. -11110111 0111 rup- ι
11191011, 11, 57.

Hippia (Eppia) 9001101111111001·
01101,1, 110. - 1117711 00711 1101-
1011 0011111111 111 Indiam ed Pharon,
111. 11, 61 119,-901 cepte forme,
VI, 104.-901111’101111,11, 114.

1117701011111011011,11, 5ο. V. L.

hippocrene 1001, 111, 117. Ν,

Hippolyte greve 71070111001170111
7110101111, 3151917.

 

